118000 1
178133 1
176800 1
176893 1
211480 1
None 131
227586 1
352866 1
303720 1
337240 1
247800 1
214826 1
238466 1
318333 1
178106 1
219693 1
357573 1
279000 1
143000 1
184400 1
213973 1
198466 1
446693 1
283533 1
165933 1
304866 1
174640 1
85106 1
276160 1
196760 1
221533 1
86333 1
197840 1
174186 1
214000 1
183626 1
21666 1
164373 1
242453 1
230106 1
275000 1
282000 1
94426 1
194906 1
22533 1
305826 1
273906 1
284533 1
235933 1
246093 1
227066 1
197893 1
309200 1
243400 1
110373 1
249333 1
185133 2
107840 1
163533 1
272826 1
152720 2
98213 1
217373 1
221266 1
170560 1
232933 1
228826 1
125373 1
116133 1
425360 1
175026 1
171400 1
411933 1
122866 1
95866 1
248973 1
157146 1
232160 1
157133 1
362066 1
152506 1
238120 1
186733 1
192226 2
180666 1
175666 1
341720 1
153360 1
291066 1
236000 2
168840 1
349946 1
173960 1
147000 1
163960 1
211000 1
187866 1
179333 2
162866 2
130759 1
177560 1
211706 1
199493 1
182266 1
346200 1
264706 1
324066 1
179853 1
231733 1
164733 1
263293 1
153133 1
198866 1
230133 1
207226 1
294760 1
144666 1
343133 1
183493 1
298880 1
541973 1
264333 1
166760 1
151200 1
136506 2
165266 1
213933 1
177866 1
357533 1
315866 1
192733 1
273973 2
257000 2
256826 1
301733 1
167213 1
211666 1
219426 1
278066 1
212773 1
272840 1
121000 1
249066 1
238773 1
199133 1
306466 1
179160 2
109733 2
73960 1
131826 1
152760 1
132266 1
99000 1
211240 1
50280 1
217733 1
239306 1
216426 2
154360 1
199693 1
43466 1
136733 2
151840 1
163906 1
192173 1
137666 1
210866 1
174333 1
162333 1
226533 1
158840 1
298560 1
305773 1
242400 1
218093 1
131400 2
206053 1
84746 1
343893 1
241160 1
222466 1
238706 1
344613 1
106306 1
203066 1
304440 1
287973 1
190533 2
224440 1
121200 1
143986 1
281133 1
74960 1
219573 1
156106 2
323133 1
202573 1
182506 1
235706 2
147840 1
316293 1
493720 1
338066 1
132400 2
296906 1
145840 1
22306 1
148133 1
322000 1
263626 1
294000 1
273773 1
189400 1
222053 1
178693 1
269666 1
204666 1
125133 1
286133 1
327800 1
473466 1
207000 2
240480 1
527960 1
125333 1
194426 1
237333 1
129373 1
147773 1
182133 1
148626 1
140906 1
40573 1
284040 1
262066 1
338920 1
360626 1
229626 1
267133 1
375826 1
171160 1
233440 1
172133 1
378466 1
232760 1
589426 1
302133 1
200973 1
310200 1
352533 1
377240 1
221933 1
168626 1
309933 1
294040 1
218626 1
142466 1
122906 1
175226 1
210666 1
142373 1
145266 1
254466 2
231826 1
252546 1
158000 1
167826 1
151106 1
260626 1
177000 4
139506 1
307333 1
275306 1
295653 1
169400 1
262773 1
340573 1
109533 1
165973 1
127666 1
73640 1
294920 1
194173 1
154600 1
187173 1
259506 2
396093 1
132026 1
464853 1
819360 1
168280 1
256640 1
223066 1
260133 1
214266 1
225973 1
235733 1
210933 1
345973 1
284373 1
238800 1
203253 1
196546 1
210133 1
263320 1
317026 1
134213 1
134360 1
272200 1
364240 1
169560 1
237493 1
162573 1
167893 1
225400 1
146093 1
223666 1
214760 1
346333 1
237826 1
150973 1
460226 1
155640 1
113733 1
215960 1
222506 1
260173 1
225826 1
195160 1
273866 1
111266 1
231026 1
168040 1
118960 2
285440 1
195226 1
217706 1
151333 1
247200 1
327000 1
263093 1
138573 1
153560 1
246333 1
163466 1
126013 1
252666 1
144333 1
235400 2
155933 1
167333 1
334266 1
404226 1
87066 1
278333 1
153466 1
45280 1
407560 1
349066 1
239266 1
121440 1
172026 1
143626 1
201973 1
169146 1
244466 2
238573 1
243866 1
148120 1
383200 1
525600 1
152400 2
234506 1
228800 1
133000 1
177266 1
595253 1
159706 1
161800 1
238040 1
225800 1
188560 1
180973 2
53893 1
212933 1
467800 1
437320 1
281653 1
124666 1
246840 1
113533 1
437640 1
278560 1
139640 1
183533 1
219973 1
225333 2
208480 1
290880 1
251000 1
291493 1
290333 1
318800 1
259933 1
163773 1
190040 1
198826 1
190693 1
250213 1
151133 1
162066 1
141200 1
133733 1
183160 1
313386 1
211466 1
168373 1
157000 1
176533 1
170853 1
256506 1
198253 1
121493 1
144466 1
252906 1
107560 1
140040 1
239253 1
158826 1
305666 1
277040 1
37640 1
162373 1
204533 1
310066 1
137893 1
200933 2
287240 1
194333 1
141746 1
433000 1
196066 1
200306 1
188266 1
213760 1
345000 1
240466 1
61666 1
391973 1
144506 1
143040 1
78893 1
135200 1
90266 1
258760 1
136960 1
335333 1
432093 1
154866 1
197933 1
249200 1
242973 1
115506 1
245786 1
271573 1
351240 1
144266 1
502200 1
182600 1
206240 1
79000 1
291973 1
167226 1
232666 1
218240 1
160786 1
272306 1
347133 1
267560 1
207106 1
247333 1
144160 1
80146 1
239466 1
223133 1
252493 1
352293 1
141706 1
150040 1
261853 1
372800 1
348000 1
172200 2
270733 1
308666 1
233866 1
514533 1
209800 1
184800 1
238866 1
184560 1
174693 1
225426 1
219533 1
167546 1
297266 1
341853 1
266066 1
244306 1
244160 1
274053 1
288693 1
163066 1
272573 1
214720 1
315240 1
384000 1
180000 1
134373 1
275400 1
137973 1
80493 1
189960 1
379360 1
173280 1
135000 1
270693 1
126040 1
210613 1
185360 1
160360 1
321440 1
235440 1
351080 1
162733 1
249426 1
169093 1
226800 1
347040 1
162200 1
581560 1
385640 1
141533 2
224866 1
148333 1
337226 1
154400 1
178306 1
258626 1
178000 1
141066 1
114400 1
206600 1
215040 1
338000 1
156400 1
28200 1
250466 1
269960 1
197240 1
178706 1
236066 1
237893 1
165426 1
167906 2
165866 1
217293 1
126360 1
223306 1
208506 1
436773 1
130240 1
190466 1
151026 1
224533 1
207973 1
185666 1
503226 1
222333 1
252106 1
219266 1
177026 1
253573 1
128226 1
270640 1
213080 1
213266 1
187146 1
171266 1
255960 1
297440 1
160666 1
810800 1
150106 1
240560 1
275333 1
158106 1
336893 1
239400 1
130066 1
210186 1
285266 1
191266 1
251893 1
237160 1
473026 2
164226 1
193346 1
210760 1
221733 1
188000 1
197973 1
194533 1
225933 1
188533 2
204933 1
317226 1
271693 1
117800 1
193160 1
136360 1
231000 1
286013 1
157733 1
213000 1
305840 1
274426 1
128373 1
196200 1
316626 1
165733 1
179773 1
244933 1
221546 1
397706 1
285133 1
172733 1
229773 1
171066 1
199466 1
251853 1
357933 1
305986 1
246640 1
140933 1
172000 1
200053 1
113866 1
214906 1
232253 1
314360 1
285933 1
132520 1
218000 1
137266 1
279986 1
266693 1
177786 1
10333 1
186093 1
301426 1
389506 1
46333 1
260066 1
320973 1
118800 1
309120 1
167840 1
152933 1
180066 1
219360 1
276693 1
182840 1
146000 1
225066 1
201400 1
169933 1
263133 1
162440 1
225626 1
198386 1
112133 1
324866 1
291733 1
236720 1
201093 1
179453 1
175000 1
253093 1
207986 1
290200 1
241413 1
32133 1
194346 1
231093 1
389280 1
120400 1
197760 1
299266 1
187706 1
742853 1
112920 1
115000 1
159973 1
166733 1
502733 1
181240 1
30466 1
357706 1
58400 1
191786 1
273346 1
179040 1
100893 1
136106 1
138266 1
288786 1
290400 1
307186 1
119773 1
234360 1
367426 1
186666 1
154293 1
207360 1
372466 1
29000 1
257866 1
334533 1
351400 1
64426 1
236226 1
276373 1
291026 1
195373 1
310093 1
143493 1
287773 1
154586 1
140373 1
120866 1
258333 1
218746 1
254426 1
137640 1
235640 1
57600 1
211533 1
174480 1
268666 1
229320 1
195093 1
146306 1
125893 1
125440 1
210373 1
230560 1
200560 1
122493 1
157626 1
194000 1
272266 1
167720 1
181906 1
168440 1
293933 1
268266 1
141973 1
228733 1
252160 1
260920 1
300800 1
99480 1
138533 1
280400 1
277733 1
170866 1
467173 1
211840 1
320920 1
146693 1
210226 1
259533 1
147973 1
177693 1
188826 1
50133 1
310440 1
294866 1
125986 1
129720 1
174733 1
245933 1
262666 1
212000 1
96506 1
228093 1
174600 1
207093 1
256399 1
255666 1
233266 1
157800 1
228960 1
210600 1
270493 1
527866 1
251226 1
182533 1
247866 1
146560 1
156893 1
431266 1
23253 1
261333 1
304533 1
259026 1
267080 1
209560 1
234253 1
176120 1
245600 1
245413 1
327093 1
190706 1
210800 1
264573 1
175800 1
262800 1
414160 1
188400 1
146933 1
99400 1
182466 1
